0 0 0 0 1
0 1 0 1 0.763598
0 2 0 2 0.829114
0 3 0 3 0.841463
0 4 0 4 0.832558
0 5 0 5 0.84959
0 6 0 10 0.855109
0 7 0 15 0.841134
0 8 0 20 0.847863
0 9 0 25 0.840056
0 10 0 30 0.836726
0 11 0 40 0.840708
0 12 0 50 0.840708
1 0 0.2 0 1
1 1 0.2 1 0.8
1 2 0.2 2 0.846491
1 3 0.2 3 0.8159
1 4 0.2 4 0.844697
1 5 0.2 5 0.855351
1 6 0.2 10 0.843379
1 7 0.2 15 0.845269
1 8 0.2 20 0.830049
1 9 0.2 25 0.817869
1 10 0.2 30 0.832426
1 11 0.2 40 0.834974
1 12 0.2 50 0.834974
2 0 0.4 0 1
2 1 0.4 1 0.815985
2 2 0.4 2 0.84186
2 3 0.4 3 0.808118
2 4 0.4 4 0.823529
2 5 0.4 5 0.838697
2 6 0.4 10 0.84
2 7 0.4 15 0.830715
2 8 0.4 20 0.838521
2 9 0.4 25 0.832303
2 10 0.4 30 0.823438
2 11 0.4 40 0.826812
2 12 0.4 50 0.826812
3 0 0.6 0 1
3 1 0.6 1 0.822981
3 2 0.6 2 0.807836
3 3 0.6 3 0.835249
3 4 0.6 4 0.79078
3 5 0.6 5 0.812669
3 6 0.6 10 0.832588
3 7 0.6 15 0.813772
3 8 0.6 20 0.814737
3 9 0.6 25 0.817668
3 10 0.6 30 0.814885
3 11 0.6 40 0.821906
3 12 0.6 50 0.821906
4 0 0.8 0 1
4 1 0.8 1 0.758621
4 2 0.8 2 0.835423
4 3 0.8 3 0.805994
4 4 0.8 4 0.84153
4 5 0.8 5 0.828429
4 6 0.8 10 0.837779
4 7 0.8 15 0.830054
4 8 0.8 20 0.825076
4 9 0.8 25 0.819556
4 10 0.8 30 0.815624
4 11 0.8 40 0.8202
4 12 0.8 50 0.8202
5 0 1 0 1
5 1 1 1 0.753316
5 2 1 2 0.834951
5 3 1 3 0.81016
5 4 1 4 0.813725
5 5 1 5 0.819496
5 6 1 10 0.824625
5 7 1 15 0.822355
5 8 1 20 0.80626
5 9 1 25 0.813515
5 10 1 30 0.79445
5 11 1 40 0.801459
5 12 1 50 0.801459
6 0 1.2 0 1
6 1 1.2 1 0.737443
6 2 1.2 2 0.783019
6 3 1.2 3 0.772109
6 4 1.2 4 0.787879
6 5 1.2 5 0.783318
6 6 1.2 10 0.781236
6 7 1.2 15 0.773002
6 8 1.2 20 0.772542
6 9 1.2 25 0.773156
6 10 1.2 30 0.768478
6 11 1.2 40 0.765486
6 12 1.2 50 0.765486
7 0 1.4 0 1
7 1 1.4 1 0.650558
7 2 1.4 2 0.694223
7 3 1.4 3 0.709839
7 4 1.4 4 0.741935
7 5 1.4 5 0.7205
7 6 1.4 10 0.713674
7 7 1.4 15 0.733729
7 8 1.4 20 0.726048
7 9 1.4 25 0.734447
7 10 1.4 30 0.724412
7 11 1.4 40 0.723406
7 12 1.4 50 0.723406
8 0 1.6 0 1
8 1 1.6 1 0.680599
8 2 1.6 2 0.72061
8 3 1.6 3 0.722662
8 4 1.6 4 0.75461
8 5 1.6 5 0.743458
8 6 1.6 10 0.745353
8 7 1.6 15 0.753272
8 8 1.6 20 0.732104
8 9 1.6 25 0.731779
8 10 1.6 30 0.728894
8 11 1.6 40 0.72812
8 12 1.6 50 0.72812
9 0 1.8 0 1
9 1 1.8 1 0.729893
9 2 1.8 2 0.75393
9 3 1.8 3 0.758724
9 4 1.8 4 0.775068
9 5 1.8 5 0.768902
9 6 1.8 10 0.773465
9 7 1.8 15 0.773652
9 8 1.8 20 0.782719
9 9 1.8 25 0.776164
9 10 1.8 30 0.771374
9 11 1.8 40 0.765364
9 12 1.8 50 0.765364
10 0 2 0 1
10 1 2 1 0.6829
10 2 2 2 0.740857
10 3 2 3 0.755144
10 4 2 4 0.734783
10 5 2 5 0.746184
10 6 2 10 0.753093
10 7 2 15 0.762489
10 8 2 20 0.763631
10 9 2 25 0.772087
10 10 2 30 0.755242
10 11 2 40 0.753078
10 12 2 50 0.753078
11 0 2.2 0 1
11 1 2.2 1 0.661559
11 2 2.2 2 0.698011
11 3 2.2 3 0.693897
11 4 2.2 4 0.725847
11 5 2.2 5 0.739442
11 6 2.2 10 0.74407
11 7 2.2 15 0.759826
11 8 2.2 20 0.742267
11 9 2.2 25 0.745311
11 10 2.2 30 0.747057
11 11 2.2 40 0.747704
11 12 2.2 50 0.747704
12 0 2.4 0 1
12 1 2.4 1 0.661559
12 2 2.4 2 0.698011
12 3 2.4 3 0.693897
12 4 2.4 4 0.725847
12 5 2.4 5 0.739442
12 6 2.4 10 0.74407
12 7 2.4 15 0.759826
12 8 2.4 20 0.742267
12 9 2.4 25 0.745311
12 10 2.4 30 0.747057
12 11 2.4 40 0.747704
12 12 2.4 50 0.747704
