0 0 0 0 0
0 1 0 1 0.412632
0 2 0 2 0.5145
0 3 0 3 0.586151
0 4 0 4 0.622046
0 5 0 5 0.682745
0 6 0 10 0.72474
0 7 0 15 0.771429
0 8 0 20 0.797888
0 9 0 25 0.818183
0 10 0 30 0.833004
0 11 0 40 0.837495
0 12 0 50 0.837495
1 0 0.2 0 0
1 1 0.2 1 0.408949
1 2 0.2 2 0.565221
1 3 0.2 3 0.601888
1 4 0.2 4 0.622302
1 5 0.2 5 0.679919
1 6 0.2 10 0.721513
1 7 0.2 15 0.761228
1 8 0.2 20 0.801394
1 9 0.2 25 0.817123
1 10 0.2 30 0.828974
1 11 0.2 40 0.837128
1 12 0.2 50 0.837128
2 0 0.4 0 0
2 1 0.4 1 0.384838
2 2 0.4 2 0.513775
2 3 0.4 3 0.604153
2 4 0.4 4 0.609229
2 5 0.4 5 0.662464
2 6 0.4 10 0.70817
2 7 0.4 15 0.758384
2 8 0.4 20 0.796792
2 9 0.4 25 0.805858
2 10 0.4 30 0.822371
2 11 0.4 40 0.833256
2 12 0.4 50 0.833256
3 0 0.6 0 0
3 1 0.6 1 0.449278
3 2 0.6 2 0.540977
3 3 0.6 3 0.589795
3 4 0.6 4 0.603519
3 5 0.6 5 0.662282
3 6 0.6 10 0.714056
3 7 0.6 15 0.759792
3 8 0.6 20 0.792796
3 9 0.6 25 0.806121
3 10 0.6 30 0.811735
3 11 0.6 40 0.826057
3 12 0.6 50 0.826057
4 0 0.8 0 0
4 1 0.8 1 0.415755
4 2 0.8 2 0.460674
4 3 0.8 3 0.564259
4 4 0.8 4 0.599557
4 5 0.8 5 0.625005
4 6 0.8 10 0.683569
4 7 0.8 15 0.743317
4 8 0.8 20 0.767972
4 9 0.8 25 0.7757
4 10 0.8 30 0.791058
4 11 0.8 40 0.798971
4 12 0.8 50 0.798971
5 0 1 0 0
5 1 1 1 0.320811
5 2 1 2 0.469537
5 3 1 3 0.511609
5 4 1 4 0.541494
5 5 1 5 0.59239
5 6 1 10 0.675306
5 7 1 15 0.724047
5 8 1 20 0.73798
5 9 1 25 0.754762
5 10 1 30 0.77076
5 11 1 40 0.785508
5 12 1 50 0.785508
6 0 1.2 0 0
6 1 1.2 1 0.314867
6 2 1.2 2 0.438883
6 3 1.2 3 0.427384
6 4 1.2 4 0.496258
6 5 1.2 5 0.550758
6 6 1.2 10 0.635152
6 7 1.2 15 0.667506
6 8 1.2 20 0.688091
6 9 1.2 25 0.69751
6 10 1.2 30 0.719569
6 11 1.2 40 0.728726
6 12 1.2 50 0.728726
7 0 1.4 0 0
7 1 1.4 1 0.393925
7 2 1.4 2 0.559548
7 3 1.4 3 0.609498
7 4 1.4 4 0.592655
7 5 1.4 5 0.702186
7 6 1.4 10 0.792091
7 7 1.4 15 0.803043
7 8 1.4 20 0.818804
7 9 1.4 25 0.831293
7 10 1.4 30 0.850168
7 11 1.4 40 0.86948
7 12 1.4 50 0.86948
8 0 1.6 0 0
8 1 1.6 1 0.579539
8 2 1.6 2 0.659974
8 3 1.6 3 0.705777
8 4 1.6 4 0.720798
8 5 1.6 5 0.813718
8 6 1.6 10 0.871618
8 7 1.6 15 0.889192
8 8 1.6 20 0.907051
8 9 1.6 25 0.922082
8 10 1.6 30 0.933587
8 11 1.6 40 0.942197
8 12 1.6 50 0.942197
9 0 1.8 0 0
9 1 1.8 1 0.638063
9 2 1.8 2 0.681109
9 3 1.8 3 0.704408
9 4 1.8 4 0.779625
9 5 1.8 5 0.84772
9 6 1.8 10 0.89552
9 7 1.8 15 0.909988
9 8 1.8 20 0.929071
9 9 1.8 25 0.93655
9 10 1.8 30 0.948837
9 11 1.8 40 0.956485
9 12 1.8 50 0.956485
10 0 2 0 0
10 1 2 1 0.644311
10 2 2 2 0.70763
10 3 2 3 0.779364
10 4 2 4 0.818611
10 5 2 5 0.873362
10 6 2 10 0.90634
10 7 2 15 0.928381
10 8 2 20 0.937363
10 9 2 25 0.946509
10 10 2 30 0.95593
10 11 2 40 0.965606
10 12 2 50 0.965606
11 0 2.2 0 0
11 1 2.2 1 0.691376
11 2 2.2 2 0.749952
11 3 2.2 3 0.795778
11 4 2.2 4 0.842937
11 5 2.2 5 0.887846
11 6 2.2 10 0.916203
11 7 2.2 15 0.935576
11 8 2.2 20 0.944046
11 9 2.2 25 0.952854
11 10 2.2 30 0.961778
11 11 2.2 40 0.970954
11 12 2.2 50 0.970954
12 0 2.4 0 0
12 1 2.4 1 0.691376
12 2 2.4 2 0.749952
12 3 2.4 3 0.795778
12 4 2.4 4 0.842937
12 5 2.4 5 0.887846
12 6 2.4 10 0.916203
12 7 2.4 15 0.935576
12 8 2.4 20 0.944046
12 9 2.4 25 0.952854
12 10 2.4 30 0.961778
12 11 2.4 40 0.970954
12 12 2.4 50 0.970954
